-------------- Predict  loan status
Score for depth 12 is 0.686123
Confusion matrix is:
[[   53     0     0   191  5182     7     7     3]
 [    2     0     0     1   137     0     0     0]
 [    0     0     0     0     1     0     0     0]
 [  118     0     0   452 19520     5    21    14]
 [  269     1     0  1136 63896    17    72    27]
 [    1     0     0     8   366     0     2     0]
 [   19     0     0    48  1655     2     3     2]
 [    5     0     0    14   609     0     1     1]]

 ----------------- predict grade without interest rate
Score for depth 8 is 0.403098
Confusion matrix is:
[[ 3588  9471   970    54     2     0     0]
 [ 2936 22819  5124   231   133    18     0]
 [ 1035 12703 10053   439   616   102     0]
 [  474  6666  5747   428   601   103     0]
 [   84  1262  3440   304   776   179     0]
 [   14   246  1756   186   554   174     0]
 [    2    16   318    55   124    65     0]]

------------------ predict grade with interest rate
Score for depth 8 is 0.991509
Confusion matrix is:
[[14084     1     0     0     0     0     0]
 [    0 31258     1     0     0     2     0]
 [    0     2 24940     6     0     0     0]
 [    0     1   312 13705     0     1     0]
 [    0     2     0    48  5744   251     0]
 [    0     0     0     0    55  2875     0]
 [    0     0     0     0     0   115   465]]


------------------ predict risk score
Score for depth 8 is 0.283902
Confusion matrix is:
[[ 9732  2120  7354    21 18431   644   160  4212   144 20609]
 [ 1997 21324   156    25   392   508    31   782    63  1253]
 [ 3835  1001 49024     5 25568   156   201  1255   874 10394]
 [ 5533  2570  2317    25  5205   797    64  3453    46  8025]
 [ 6187  1296 33453    12 39674   274   172  1988   515 21388]
 [ 4435  2703  1057     9  2707   891    53  2938    46  5059]
 [  989   565  6234     7  3267   115   383   355   279  1850]
 [ 7842  2519  3872    36  9511   775    98  4219    86 13211]
 [ 2550  1078 32804     6 14341   136   228   737   958  5986]
 [ 8495  1183 13720     9 31295   402   148  3103   249 25444]]